Model	PDX/PDC/Organoid Sample	Common	Originator Only	Test Sample Only	Jaccard	PPA_refOriginator	PPA_refTest	ISA
114434~197-R	114434~197-R.maf	1226	31	568	0.67	0.98	0.68	0.8
114868~125-R	114868~125-R.maf	1145	92	268	0.76	0.93	0.81	0.86
115747~069-R	115747~069-R.maf	1292	719	2295	0.3	0.64	0.36	0.46
116655~072-R	116655~072-R.maf	1630	511	1989	0.39	0.76	0.45	0.57
117519~064-T	117519~064-T.maf	2509	116	593	0.78	0.96	0.81	0.88
132734~180-R	132734~180-R.maf	1107	102	647	0.6	0.92	0.63	0.75
133581~144-R	133581~144-R.maf	1149	120	457	0.67	0.91	0.72	0.8
136153~299-R	136153~299-R.maf	1034	189	715	0.53	0.85	0.59	0.7
137432~314-R	137432~314-R.maf	1193	81	531	0.66	0.94	0.69	0.8
143587~279-R	143587~279-R.maf	3173	109	675	0.8	0.97	0.82	0.89
144983~106-R	144983~106-R.maf	3084	36	474	0.86	0.99	0.87	0.92
145666~245-R	145666~245-R.maf	1095	167	1054	0.47	0.87	0.51	0.64
146199~324-R	146199~324-R.maf	1878	116	1180	0.59	0.94	0.61	0.74
147771~066-R1	147771~066-R1.maf	1119	84	5192	0.17	0.93	0.18	0.3
154431~089-R	154431~089-R.maf	1064	259	224	0.69	0.8	0.83	0.82
158883~120-T	158883~120-T.maf	1067	297	542	0.56	0.78	0.66	0.72
163357~337-R	163357~337-R.maf	1233	149	615	0.62	0.89	0.67	0.76
165739~295-R	165739~295-R.maf	1028	136	589	0.59	0.88	0.64	0.74
167148~078-R	167148~078-R.maf	1106	180	598	0.59	0.86	0.65	0.74
168753~222-R	168753~222-R.maf	3500	71	635	0.83	0.98	0.85	0.91
171881~019-R	171881~019-R.maf	3349	419	861	0.72	0.89	0.8	0.84
172845~288-R	172845~288-R.maf	1355	78	623	0.66	0.95	0.69	0.79
174125~134-R	174125~134-R.maf	1094	90	555	0.63	0.92	0.66	0.77
174316~266-R	174316~266-R.maf	1831	73	447	0.78	0.96	0.8	0.88
175126~011-R	175126~011-R.maf	2846	65	1072	0.71	0.98	0.73	0.83
176374~079-R	176374~079-R.maf	1074	242	605	0.56	0.82	0.64	0.72
182917~245-R	182917~245-R.maf	1023	181	600	0.57	0.85	0.63	0.72
187717~099-R	187717~099-R.maf	1277	61	455	0.71	0.95	0.74	0.83
188146~221-R	188146~221-R.maf	3714	91	1618	0.68	0.98	0.7	0.81
191243~178-R	191243~178-R.maf	1223	137	682	0.6	0.9	0.64	0.75
193523~008-R	193523~008-R.maf	909	353	550	0.5	0.72	0.62	0.67
193832~021-R	193832~021-R.maf	937	313	906	0.43	0.75	0.51	0.61
194179~226-R	194179~226-R.maf	1060	80	551	0.63	0.93	0.66	0.77
195496~121-R	195496~121-R.maf	1366	58	650	0.66	0.96	0.68	0.79
197587~005-T	197587~005-T.maf	2970	102	513	0.83	0.97	0.85	0.91
216738~123-R	216738~123-R.maf	1218	103	524	0.66	0.92	0.7	0.8
217283~344-R	217283~344-R.maf	1420	64	853	0.61	0.96	0.62	0.76
233313~265-R	233313~265-R.maf	1280	116	478	0.68	0.92	0.73	0.81
242566~281-R	242566~281-R.maf	1117	94	614	0.61	0.92	0.65	0.76
243415~090-R	243415~090-R.maf	1062	116	512	0.63	0.9	0.67	0.77
244727~301-R	244727~301-R.maf	1275	51	593	0.66	0.96	0.68	0.8
245127~232-R	245127~232-R.maf	1029	205	624	0.55	0.83	0.62	0.71
245324~029-R	245324~029-R.maf	1027	53	603	0.61	0.95	0.63	0.76
249533~200-R	249533~200-R.maf	1084	188	503	0.61	0.85	0.68	0.76
249662~076-R	249662~076-R.maf	1141	112	727	0.58	0.91	0.61	0.73
251568~266-R	251568~266-R.maf	1376	147	455	0.7	0.9	0.75	0.82
251944~056-R	251944~056-R.maf	2791	153	586	0.79	0.95	0.83	0.88
252517~233-R	252517~233-R.maf	1178	40	501	0.69	0.97	0.7	0.81
252836~082-R	252836~082-R.maf	1195	109	358	0.72	0.92	0.77	0.84
254851~301-R	254851~301-R.maf	1186	93	327	0.74	0.93	0.78	0.85
255893~291-R	255893~291-R.maf	1287	85	615	0.65	0.94	0.68	0.79
259778~044-R	259778~044-R.maf	1066	157	587	0.59	0.87	0.64	0.74
261386~189-R	261386~189-R.maf	1655	88	431	0.76	0.95	0.79	0.86
262622~085-R	262622~085-R.maf	1267	135	433	0.69	0.9	0.75	0.82
266295~075-R	266295~075-R.maf	1135	202	734	0.55	0.85	0.61	0.71
268233~264-R	268233~264-R.maf	2759	491	535	0.73	0.85	0.84	0.84
271251~349-R	271251~349-R.maf	1284	119	604	0.64	0.92	0.68	0.78
272983~159-R	272983~159-R.maf	1300	186	526	0.65	0.87	0.71	0.79
273589~319-R	273589~319-R.maf	1187	138	572	0.63	0.9	0.67	0.77
274332~332-R	274332~332-R.maf	1075	99	429	0.67	0.92	0.71	0.8
275155~148-R	275155~148-R.maf	3225	121	1508	0.66	0.96	0.68	0.8
275375~350-R	275375~350-R.maf	1215	117	653	0.61	0.91	0.65	0.76
276743~352-R	276743~352-R.maf	2655	329	611	0.74	0.89	0.81	0.85
278458~045-R	278458~045-R.maf	1885	81	3229	0.36	0.96	0.37	0.53
281475~159-R	281475~159-R.maf	1172	98	695	0.6	0.92	0.63	0.75
281562~285-R	281562~285-R.maf	1060	305	603	0.54	0.78	0.64	0.7
282377~053-R	282377~053-R.maf	1980	98	1579	0.54	0.95	0.56	0.7
283228~195-R	283228~195-R.maf	2598	90	1202	0.67	0.97	0.68	0.8
283339~068-R	283339~068-R.maf	1649	69	667	0.69	0.96	0.71	0.82
286954~287-R	286954~287-R.maf	1081	138	405	0.67	0.89	0.73	0.8
289738~340-R	289738~340-R.maf	3155	126	1021	0.73	0.96	0.76	0.85
289856~162-R	289856~162-R.maf	1274	99	537	0.67	0.93	0.7	0.8
292632~238-R	292632~238-R.maf	1082	176	675	0.56	0.86	0.62	0.72
295898~268-R2	295898~268-R2.maf	1184	66	542	0.66	0.95	0.69	0.8
295898~268-R5	295898~268-R5.maf	1223	120	579	0.64	0.91	0.68	0.78
296347~364-R	296347~364-R.maf	1173	138	482	0.65	0.89	0.71	0.79
299254~011-R	299254~011-R.maf	1980	169	527	0.74	0.92	0.79	0.85
312483~313-R	312483~313-R.maf	1124	141	632	0.59	0.89	0.64	0.74
313798~341-R	313798~341-R.maf	1251	117	563	0.65	0.91	0.69	0.79
317291~083-R	317291~083-R.maf	1021	210	631	0.55	0.83	0.62	0.71
323392~091-R	323392~091-R.maf	1126	229	861	0.51	0.83	0.57	0.67
324938~238-R	324938~238-R.maf	1269	100	526	0.67	0.93	0.71	0.8
325652~104-R	325652~104-R.maf	1054	140	545	0.61	0.88	0.66	0.75
326966~086-R	326966~086-R.maf	1896	72	1354	0.57	0.96	0.58	0.73
327498~153-R	327498~153-R.maf	1813	67	816	0.67	0.96	0.69	0.8
328373~195-R	328373~195-R.maf	2907	169	1073	0.7	0.95	0.73	0.82
328469~098-R	328469~098-R.maf	1183	133	413	0.68	0.9	0.74	0.81
328634~206-R	328634~206-R.maf	1126	173	683	0.57	0.87	0.62	0.72
331535~300-R	331535~300-R.maf	1242	118	528	0.66	0.91	0.7	0.79
331888~031-R	331888~031-R.maf	1108	42	639	0.62	0.96	0.63	0.76
332555~067-R4	332555~067-R4.maf	2517	334	663	0.72	0.88	0.79	0.83
333224~299-R	333224~299-R.maf	1114	35	505	0.67	0.97	0.69	0.8
337426~197-R	337426~197-R.maf	1033	189	629	0.56	0.85	0.62	0.72
337823~066-R	337823~066-R.maf	1152	97	510	0.65	0.92	0.69	0.79
341922~053-R	341922~053-R.maf	1245	76	587	0.65	0.94	0.68	0.79
343268~274-T	343268~274-T.maf	1417	169	706	0.62	0.89	0.67	0.76
346799~050-R	346799~050-R.maf	1199	58	670	0.62	0.95	0.64	0.77
361957~307-R	361957~307-R.maf	1157	123	651	0.6	0.9	0.64	0.75
365171~240-R	365171~240-R.maf	1765	288	1292	0.53	0.86	0.58	0.69
369146~172-R	369146~172-R.maf	1124	43	571	0.65	0.96	0.66	0.79
377594~074-R	377594~074-R.maf	1049	97	559	0.62	0.92	0.65	0.76
378893~306-R	378893~306-R.maf	1127	226	487	0.61	0.83	0.7	0.76
381356~305-R	381356~305-R.maf	1217	84	677	0.62	0.94	0.64	0.76
384518~221-R	384518~221-R.maf	1025	211	547	0.57	0.83	0.65	0.73
388244~064-R	388244~064-R.maf	2262	544	834	0.62	0.81	0.73	0.77
391268~213-R2	391268~213-R2.maf	1833	107	614	0.72	0.94	0.75	0.84
392184~169-R	392184~169-R.maf	1227	56	481	0.7	0.96	0.72	0.82
393732~063-R	393732~063-R.maf	1188	145	569	0.62	0.89	0.68	0.77
394938~205-R	394938~205-R.maf	2949	648	952	0.65	0.82	0.76	0.79
397859~316-R	397859~316-R.maf	1094	19367	718	0.05	0.05	0.6	0.1
412248~322-R	412248~322-R.maf	1027	216	731	0.52	0.83	0.58	0.68
412728~344-R	412728~344-R.maf	1813	199	1361	0.54	0.9	0.57	0.7
413552~270-R	413552~270-R.maf	1505	170	826	0.6	0.9	0.65	0.75
413561~133-T	413561~133-T.maf	1061	126	327	0.7	0.89	0.76	0.82
415267~285-R	415267~285-R.maf	3057	365	724	0.74	0.89	0.81	0.85
415371~026-R	415371~026-R.maf	3585	70	660	0.83	0.98	0.84	0.91
417612~090-R	417612~090-R.maf	1578	199	968	0.57	0.89	0.62	0.73
417952~058-R	417952~058-R.maf	1163	150	868	0.53	0.89	0.57	0.7
419622~098-T	419622~098-T.maf	1094	108	413	0.68	0.91	0.73	0.81
421758~270-R	421758~270-R.maf	1171	73	442	0.69	0.94	0.73	0.82
422866~222-R5	422866~222-R5.maf	1246	118	633	0.62	0.91	0.66	0.77
427551~204-R	427551~204-R.maf	1470	63	1878	0.43	0.96	0.44	0.6
428932~153-R	428932~153-R.maf	1210	176	535	0.63	0.87	0.69	0.77
429767~202-R	429767~202-R.maf	2857	92	518	0.82	0.97	0.85	0.9
431354~103-R	431354~103-R.maf	1139	46	434	0.7	0.96	0.72	0.83
435261~313-R	435261~313-R.maf	1183	105	391	0.7	0.92	0.75	0.83
436779~168-T	436779~168-T.maf	1206	210	1290	0.45	0.85	0.48	0.62
442324~144-R	442324~144-R.maf	1222	150	607	0.62	0.89	0.67	0.76
447687~232-R	447687~232-R.maf	966	176	752	0.51	0.85	0.56	0.68
449892~231-R	449892~231-R.maf	1069	64	468	0.67	0.94	0.7	0.8
451658~271-R	451658~271-R.maf	1035	192	487	0.6	0.84	0.68	0.75
454973~116-R3	454973~116-R3.maf	1271	112	778	0.59	0.92	0.62	0.74
454973~116-R4	454973~116-R4.maf	1242	119	673	0.61	0.91	0.65	0.76
455511~112-R	455511~112-R.maf	1233	76	480	0.69	0.94	0.72	0.82
459288~142-R	459288~142-R.maf	1847	106	1164	0.59	0.95	0.61	0.74
464991~137-R	464991~137-R.maf	1205	71	480	0.69	0.94	0.72	0.81
466732~252-T	466732~252-T.maf	3000	297	551	0.78	0.91	0.84	0.88
467112~017-R	467112~017-R.maf	1180	58	514	0.67	0.95	0.7	0.8
467783~034-R	467783~034-R.maf	1432	125	708	0.63	0.92	0.67	0.77
469116~191-R	469116~191-R.maf	6529	1863	5027	0.49	0.78	0.56	0.65
471365~239-R	471365~239-R.maf	922	251	489	0.55	0.79	0.65	0.71
474377~126-R	474377~126-R.maf	1991	153	1118	0.61	0.93	0.64	0.76
474841~006-R	474841~006-R.maf	1292	34	674	0.65	0.97	0.66	0.78
476673~061-R	476673~061-R.maf	1182	151	588	0.62	0.89	0.67	0.76
476816~319-R	476816~319-R.maf	1145	105	510	0.65	0.92	0.69	0.79
479421~043-R	479421~043-R.maf	1237	79	550	0.66	0.94	0.69	0.8
481146~293-R	481146~293-R.maf	1347	190	568	0.64	0.88	0.7	0.78
483684~250-R	483684~250-R.maf	1131	149	679	0.58	0.88	0.62	0.73
485368~065-R3	485368~065-R3.maf	1155	190	582	0.6	0.86	0.66	0.75
485368~065-R4	485368~065-R4.maf	1185	120	703	0.59	0.91	0.63	0.74
485977~131-R	485977~131-R.maf	1465	248	2044	0.39	0.86	0.42	0.56
491133~110-R	491133~110-R.maf	1341	110	503	0.69	0.92	0.73	0.81
494315~158-R	494315~158-R.maf	1159	128	580	0.62	0.9	0.67	0.77
496331~347-R	496331~347-R.maf	1178	257	179	0.73	0.82	0.87	0.84
496974~208-R	496974~208-R.maf	1074	131	597	0.6	0.89	0.64	0.75
497265~261-R	497265~261-R.maf	971	163	598	0.56	0.86	0.62	0.72
512936~074-R	512936~074-R.maf	1007	227	549	0.56	0.82	0.65	0.72
513682~313-R	513682~313-R.maf	1148	149	519	0.63	0.89	0.69	0.77
514753~038-R	514753~038-R.maf	1263	69	463	0.7	0.95	0.73	0.83
514821~333-R	514821~333-R.maf	1294	47	517	0.7	0.96	0.71	0.82
515677~202-R	515677~202-R.maf	1831	39	401	0.81	0.98	0.82	0.89
519858~162-T	519858~162-T.maf	1045	146	390	0.66	0.88	0.73	0.8
521955~158-R3	521955~158-R3.maf	1010	209	688	0.53	0.83	0.59	0.69
521955~158-R4	521955~158-R4.maf	1065	115	622	0.59	0.9	0.63	0.74
521955~158-R5	521955~158-R5.maf	1142	123	530	0.64	0.9	0.68	0.78
521955~158-R6	521955~158-R6.maf	1056	154	601	0.58	0.87	0.64	0.74
521955~158-R7	521955~158-R7.maf	1024	149	805	0.52	0.87	0.56	0.68
522493~142-R	522493~142-R.maf	1225	89	709	0.61	0.93	0.63	0.75
523349~094-R	523349~094-R.maf	2550	182	627	0.76	0.93	0.8	0.86
524269~139-T	524269~139-T.maf	1674	112	637	0.69	0.94	0.72	0.82
524724~177-R	524724~177-R.maf	2106	64	1221	0.62	0.97	0.63	0.77
535665~135-R	535665~135-R.maf	1308	63	648	0.65	0.95	0.67	0.79
536437~012-R	536437~012-R.maf	1269	65	601	0.66	0.95	0.68	0.79
538559~288-R	538559~288-R.maf	1188	118	751	0.58	0.91	0.61	0.73
541839~054-R	541839~054-R.maf	1182	133	681	0.59	0.9	0.63	0.74
543588~082-R	543588~082-R.maf	882	332	381	0.55	0.73	0.7	0.71
544552~058-R	544552~058-R.maf	1170	167	637	0.59	0.88	0.65	0.74
545958~293-R	545958~293-R.maf	2772	407	849	0.69	0.87	0.77	0.82
548149~187-R	548149~187-R.maf	2779	250	747	0.74	0.92	0.79	0.85
551195~344-R	551195~344-R.maf	1169	113	606	0.62	0.91	0.66	0.76
554418~232-R	554418~232-R.maf	2843	179	570	0.79	0.94	0.83	0.88
562452~108-R	562452~108-R.maf	1801	437	808	0.59	0.8	0.69	0.74
562715~036-R	562715~036-R.maf	1110	53	523	0.66	0.95	0.68	0.79
564639~172-R1	564639~172-R1.maf	2252	76	1184	0.64	0.97	0.66	0.78
565248~004-R	565248~004-R.maf	1157	114	932	0.53	0.91	0.55	0.69
575813~281-R1	575813~281-R1.maf	1111	140	660	0.58	0.89	0.63	0.74
575813~281-R2	575813~281-R2.maf	1181	88	610	0.63	0.93	0.66	0.77
576588~073-R	576588~073-R.maf	1450	75	595	0.68	0.95	0.71	0.81
582836~169-R	582836~169-R.maf	1582	78	525	0.72	0.95	0.75	0.84
584427~346-R	584427~346-R.maf	3250	76	675	0.81	0.98	0.83	0.9
592788~150-R3	592788~150-R3.maf	1204	75	572	0.65	0.94	0.68	0.79
592788~150-R4	592788~150-R4.maf	1272	62	591	0.66	0.95	0.68	0.8
594176~295-R	594176~295-R.maf	1217	111	521	0.66	0.92	0.7	0.79
595854~104-R3	595854~104-R3.maf	1212	153	649	0.6	0.89	0.65	0.75
596521~263-R	596521~263-R.maf	1087	129	458	0.65	0.89	0.7	0.79
597326~320-R	597326~320-R.maf	1159	124	405	0.69	0.9	0.74	0.81
598327~061-R6	598327~061-R6.maf	1766	188	2046	0.44	0.9	0.46	0.61
613647~318-R	613647~318-R.maf	1171	70	584	0.64	0.94	0.67	0.78
615535~235-R	615535~235-R.maf	1230	67	486	0.69	0.95	0.72	0.82
616732~234-R1	616732~234-R1.maf	1120	114	706	0.58	0.91	0.61	0.73
616732~234-R2	616732~234-R2.maf	1159	116	622	0.61	0.91	0.65	0.76
616732~234-R3	616732~234-R3.maf	1156	118	460	0.67	0.91	0.72	0.8
618468~307-R	618468~307-R.maf	1359	68	550	0.69	0.95	0.71	0.81
622955~264-R	622955~264-R.maf	1219	112	854	0.56	0.92	0.59	0.72
626397~294-R	626397~294-R.maf	1037	210	693	0.53	0.83	0.6	0.7
627122~101-R	627122~101-R.maf	1143	65	536	0.66	0.95	0.68	0.79
627137~287-R	627137~287-R.maf	1263	69	628	0.64	0.95	0.67	0.78
628781~278-R	628781~278-R.maf	1218	104	662	0.61	0.92	0.65	0.76
629538~142-R	629538~142-R.maf	1812	164	1380	0.54	0.92	0.57	0.7
633739~251-R	633739~251-R.maf	1153	153	502	0.64	0.88	0.7	0.78
633993~097-R	633993~097-R.maf	1138	201	449	0.64	0.85	0.72	0.78
636577~100-R	636577~100-R.maf	1906	108	957	0.64	0.95	0.67	0.78
638234~109-R	638234~109-R.maf	1112	71	542	0.64	0.94	0.67	0.78
639262~121-R	639262~121-R.maf	1435	83	693	0.65	0.95	0.67	0.79
639538~348-R	639538~348-R.maf	1176	60	717	0.6	0.95	0.62	0.75
647726~015-R	647726~015-R.maf	1099	160	504	0.62	0.87	0.69	0.77
648538~100-R	648538~100-R.maf	3001	116	697	0.79	0.96	0.81	0.88
649442~058-R	649442~058-R.maf	1093	147	584	0.6	0.88	0.65	0.75
654129~193-R	654129~193-R.maf	1970	315	536	0.7	0.86	0.79	0.82
657687~091-R	657687~091-R.maf	1079	69	560	0.63	0.94	0.66	0.77
665939~344-R	665939~344-R.maf	1307	87	534	0.68	0.94	0.71	0.81
668155~338-R	668155~338-R.maf	2913	274	475	0.8	0.91	0.86	0.89
671287~276-R	671287~276-R.maf	1231	166	500	0.65	0.88	0.71	0.79
673867~039-R	673867~039-R.maf	1199	135	478	0.66	0.9	0.71	0.8
673883~063-R4	673883~063-R4.maf	898	324	435	0.54	0.73	0.67	0.7
673883~063-R7	673883~063-R7.maf	870	373	451	0.51	0.7	0.66	0.68
674348~317-R	674348~317-R.maf	1137	129	611	0.61	0.9	0.65	0.75
675812~077-R	675812~077-R.maf	1161	112	669	0.6	0.91	0.63	0.75
676499~111-R	676499~111-R.maf	1246	70	722	0.61	0.95	0.63	0.76
682317~045-R	682317~045-R.maf	1071	185	587	0.58	0.85	0.65	0.74
683892~313-R	683892~313-R.maf	1518	248	991	0.55	0.86	0.61	0.71
684819~155-R	684819~155-R.maf	1390	365	1815	0.39	0.79	0.43	0.56
686756~172-R	686756~172-R.maf	1117	259	1013	0.47	0.81	0.52	0.64
689755~048-R	689755~048-R.maf	1112	64	565	0.64	0.95	0.66	0.78
691877~024-R	691877~024-R.maf	1298	107	623	0.64	0.92	0.68	0.78
692585~246-R	692585~246-R.maf	1510	228	462	0.69	0.87	0.77	0.81
697273~096-R	697273~096-R.maf	1071	169	408	0.65	0.86	0.72	0.79
711789~176-R	711789~176-R.maf	2730	62	1033	0.71	0.98	0.73	0.83
712175~110-R	712175~110-R.maf	1158	107	298	0.74	0.92	0.8	0.85
713595~302-R	713595~302-R.maf	1199	98	479	0.68	0.92	0.71	0.81
713683~067-R	713683~067-R.maf	1280	120	571	0.65	0.91	0.69	0.79
719797~321-R	719797~321-R.maf	1145	62	520	0.66	0.95	0.69	0.8
735871~273-R	735871~273-R.maf	1179	169	492	0.64	0.87	0.71	0.78
736525~025-R	736525~025-R.maf	1167	98	3136	0.27	0.92	0.27	0.42
738386~334-R	738386~334-R.maf	1431	165	900	0.57	0.9	0.61	0.73
738494~208-R2	738494~208-R2.maf	1245	129	644	0.62	0.91	0.66	0.76
744664~207-M	744664~207-M.maf	1094	154	591	0.59	0.88	0.65	0.75
746538~026-R	746538~026-R.maf	1114	70	521	0.65	0.94	0.68	0.79
746718~042-R	746718~042-R.maf	1843	35	791	0.69	0.98	0.7	0.82
746757~062-R	746757~062-R.maf	1409	38	716	0.65	0.97	0.66	0.79
747225~056-R	747225~056-R.maf	1076	152	630	0.58	0.88	0.63	0.73
748385~122-R	748385~122-R.maf	1174	211	691	0.57	0.85	0.63	0.72
755229~096-R	755229~096-R.maf	1172	89	609	0.63	0.93	0.66	0.77
755483~174-R	755483~174-R.maf	1039	176	294	0.69	0.86	0.78	0.82
756784~338-R	756784~338-R.maf	1237	171	407	0.68	0.88	0.75	0.81
761936~265-R	761936~265-R.maf	1177	106	595	0.63	0.92	0.66	0.77
762968~020-R	762968~020-R.maf	1212	67	467	0.69	0.95	0.72	0.82
764289~091-R	764289~091-R.maf	1138	140	631	0.6	0.89	0.64	0.75
764851~200-R	764851~200-R.maf	1186	91	528	0.66	0.93	0.69	0.79
765268~160-R	765268~160-R.maf	1101	333	292	0.64	0.77	0.79	0.78
767577~098-T	767577~098-T.maf	949	191	488	0.58	0.83	0.66	0.74
772611~094-R	772611~094-R.maf	1413	79	532	0.7	0.95	0.73	0.82
777334~354-R3	777334~354-R3.maf	1145	111	694	0.59	0.91	0.62	0.74
778377~087-R	778377~087-R.maf	1149	88	613	0.62	0.93	0.65	0.77
784581~064-R	784581~064-R.maf	1283	109	566	0.66	0.92	0.69	0.79
784911~089-T	784911~089-T.maf	1076	146	667	0.57	0.88	0.62	0.73
786545~187-R	786545~187-R.maf	1019	39	541	0.64	0.96	0.65	0.78
787269~337-R	787269~337-R.maf	1208	115	430	0.69	0.91	0.74	0.82
787684~078-R	787684~078-R.maf	12891	719	2169	0.82	0.95	0.86	0.9
791794~340-R	791794~340-R.maf	1451	174	608	0.65	0.89	0.7	0.79
792271~235-R	792271~235-R.maf	3059	71	385	0.87	0.98	0.89	0.93
813916~060-R	813916~060-R.maf	1599	86	818	0.64	0.95	0.66	0.78
814844~326-R	814844~326-R.maf	1275	96	477	0.69	0.93	0.73	0.82
817829~284-R	817829~284-R.maf	2782	181	1375	0.64	0.94	0.67	0.78
819968~124-R2	819968~124-R2.maf	1163	122	556	0.63	0.91	0.68	0.77
821394~179-R	821394~179-R.maf	1041	185	680	0.55	0.85	0.6	0.71
823721~103-R	823721~103-R.maf	1160	189	562	0.61	0.86	0.67	0.76
824345~141-R	824345~141-R.maf	1063	119	818	0.53	0.9	0.57	0.69
825966~067-R	825966~067-R.maf	2821	304	1498	0.61	0.9	0.65	0.76
825997~103-R	825997~103-R.maf	1135	221	789	0.53	0.84	0.59	0.69
827475~031-R6	827475~031-R6.maf	1298	92	636	0.64	0.93	0.67	0.78
834989~109-R	834989~109-R.maf	1048	254	520	0.58	0.8	0.67	0.73
842348~055-R	842348~055-R.maf	2669	101	780	0.75	0.96	0.77	0.86
845534~334-R	845534~334-R.maf	1058	74	619	0.6	0.93	0.63	0.75
848979~319-R	848979~319-R.maf	1297	71	659	0.64	0.95	0.66	0.78
849917~123-R	849917~123-R.maf	1456	70	332	0.78	0.95	0.81	0.88
862989~056-R	862989~056-R.maf	2873	419	897	0.69	0.87	0.76	0.81
863532~251-R	863532~251-R.maf	1193	145	2645	0.3	0.89	0.31	0.46
863886~044-R	863886~044-R.maf	1165	110	1015	0.51	0.91	0.53	0.67
864244~320-R	864244~320-R.maf	1207	108	625	0.62	0.92	0.66	0.77
868679~213-R	868679~213-R.maf	1095	178	550	0.6	0.86	0.67	0.75
869496~051-R	869496~051-R.maf	1302	169	705	0.6	0.89	0.65	0.75
873145~292-R	873145~292-R.maf	1209	96	645	0.62	0.93	0.65	0.77
873942~020-R	873942~020-R.maf	1129	99	598	0.62	0.92	0.65	0.76
874868~142-R	874868~142-R.maf	2479	113	578	0.78	0.96	0.81	0.88
875164~322-T	875164~322-T.maf	1636	275	956	0.57	0.86	0.63	0.73
876135~273-R	876135~273-R.maf	3411	70	593	0.84	0.98	0.85	0.91
877282~077-R	877282~077-R.maf	1589	47	581	0.72	0.97	0.73	0.83
879694~015-R	879694~015-R.maf	1644	276	742	0.62	0.86	0.69	0.76
881428~146-R	881428~146-R.maf	1507	68	557	0.71	0.96	0.73	0.83
884544~143-R	884544~143-R.maf	1177	223	734	0.55	0.84	0.62	0.71
884782~307-R	884782~307-R.maf	1078	77	502	0.65	0.93	0.68	0.79
885512~296-R	885512~296-R.maf	1187	145	719	0.58	0.89	0.62	0.73
886662~343-R	886662~343-R.maf	1317	46	479	0.71	0.97	0.73	0.83
891969~043-R	891969~043-R.maf	1070	103	680	0.58	0.91	0.61	0.73
893448~089-R	893448~089-R.maf	1212	418	1247	0.42	0.74	0.49	0.59
897434~029-R	897434~029-R.maf	2779	8041	14464	0.11	0.26	0.16	0.2
899872~116-R	899872~116-R.maf	1272	74	724	0.61	0.95	0.64	0.76
899932~113-R3	899932~113-R3.maf	1315	45	503	0.71	0.97	0.72	0.83
899932~113-R5	899932~113-R5.maf	1329	65	498	0.7	0.95	0.73	0.83
899932~113-R6	899932~113-R6.maf	1318	42	522	0.7	0.97	0.72	0.82
899932~113-R7	899932~113-R7.maf	1301	63	472	0.71	0.95	0.73	0.83
899932~113-R8	899932~113-R8.maf	1340	49	492	0.71	0.96	0.73	0.83
911461~104-R	911461~104-R.maf	1242	52	662	0.63	0.96	0.65	0.78
913389~277-R	913389~277-R.maf	1259	63	566	0.67	0.95	0.69	0.8
918122~036-R	918122~036-R.maf	1211	45	323	0.77	0.96	0.79	0.87
919269~233-R3	919269~233-R3.maf	1215	63	518	0.68	0.95	0.7	0.81
919269~233-R4	919269~233-R4.maf	1126	117	606	0.61	0.91	0.65	0.76
931267~113-T	931267~113-T.maf	1417	122	591	0.67	0.92	0.71	0.8
933738~175-T	933738~175-T.maf	967	220	449	0.59	0.81	0.68	0.74
936559~144-R	936559~144-R.maf	1205	132	621	0.62	0.9	0.66	0.76
941728~121-R	941728~121-R.maf	1048	203	796	0.51	0.84	0.57	0.68
942848~086-R	942848~086-R.maf	1248	72	589	0.65	0.95	0.68	0.79
943836~067-R	943836~067-R.maf	1171	97	564	0.64	0.92	0.67	0.78
944381~210-T	944381~210-T.maf	3094	191	614	0.79	0.94	0.83	0.88
944545~341-R	944545~341-R.maf	1222	174	601	0.61	0.88	0.67	0.76
946996~313-R	946996~313-R.maf	1132	149	669	0.58	0.88	0.63	0.73
947675~243-R	947675~243-R.maf	1283	91	523	0.68	0.93	0.71	0.81
947725~317-R	947725~317-R.maf	1228	138	518	0.65	0.9	0.7	0.79
947758~054-R	947758~054-R.maf	2244	169	1862	0.52	0.93	0.55	0.69
949626~316-R	949626~316-R.maf	1189	62	496	0.68	0.95	0.71	0.81
949853~013-R	949853~013-R.maf	1078	217	431	0.62	0.83	0.71	0.77
952719~076-R	952719~076-R.maf	2717	42	489	0.84	0.98	0.85	0.91
953693~121-R3	953693~121-R3.maf	1151	138	585	0.61	0.89	0.66	0.76
957923~259-R	957923~259-R.maf	1240	44	391	0.74	0.97	0.76	0.85
969956~357-R	969956~357-R.maf	1183	62	358	0.74	0.95	0.77	0.85
971451~060-R	971451~060-R.maf	1148	126	535	0.63	0.9	0.68	0.78
972766~346-R	972766~346-R.maf	1187	86	699	0.6	0.93	0.63	0.75
972917~350-R	972917~350-R.maf	3172	77	541	0.84	0.98	0.85	0.91
974816~308-R	974816~308-R.maf	1819	289	681	0.65	0.86	0.73	0.79
975524~054-R	975524~054-R.maf	1104	142	651	0.58	0.89	0.63	0.74
979852~250-R	979852~250-R.maf	1167	160	598	0.61	0.88	0.66	0.75
981439~253-R	981439~253-R.maf	1192	115	685	0.6	0.91	0.64	0.75
983718~287-R	983718~287-R.maf	2779	421	1439	0.6	0.87	0.66	0.75
987419~145-R	987419~145-R.maf	1116	162	722	0.56	0.87	0.61	0.72
988467~305-R	988467~305-R.maf	1235	93	588	0.64	0.93	0.68	0.78
989133~093-R	989133~093-R.maf	1170	190	548	0.61	0.86	0.68	0.76
992656~260-R	992656~260-R.maf	1249	63	505	0.69	0.95	0.71	0.81
993429~296-R	993429~296-R.maf	1310	86	616	0.65	0.94	0.68	0.79
995276~142-R	995276~142-R.maf	1161	100	517	0.65	0.92	0.69	0.79
997726~040-R	997726~040-R.maf	1531	129	576	0.68	0.92	0.73	0.81